  0
SECTION
  2
HEADER
  9
$ACADVER
  1
AC1009
  0
ENDSEC
  0
SECTION
  2
ENTITIES
  0
CIRCLE
  5
90
  8
Layer_0
  62
0
  10
135.5033
  20
442.70331
  30
0
  40
54.999989
  0
CIRCLE
  5
90
  8
Layer_0
  62
0
  10
135.5033
  20
442.70331
  30
0
  40
54.999989
  0
POLYLINE
  5
90
  8
Layer_0
  62
0
  66
1
  10
0
  20
0
  30
0
  0
VERTEX
  5
90
  8
Layer_0
  10
122.12286
  20
442.77165
  0
VERTEX
  5
91
  8
Layer_0
  10
122.14236
  20
443.93023
  0
VERTEX
  5
92
  8
Layer_0
  10
122.19609
  20
445.07343
  0
VERTEX
  5
93
  8
Layer_0
  10
122.28322
  20
446.19983
  0
VERTEX
  5
94
  8
Layer_0
  10
122.40289
  20
447.30802
  0
VERTEX
  5
95
  8
Layer_0
  10
122.55426
  20
448.3966
  0
VERTEX
  5
96
  8
Layer_0
  10
122.73649
  20
449.46414
  0
VERTEX
  5
97
  8
Layer_0
  10
122.94874
  20
450.50926
  0
VERTEX
  5
98
  8
Layer_0
  10
123.19017
  20
451.53052
  0
VERTEX
  5
99
  8
Layer_0
  10
123.45992
  20
452.52652
  0
VERTEX
  5
9a
  8
Layer_0
  10
123.75716
  20
453.49586
  0
VERTEX
  5
9b
  8
Layer_0
  10
124.08105
  20
454.43712
  0
VERTEX
  5
9c
  8
Layer_0
  10
124.43073
  20
455.34888
  0
VERTEX
  5
9d
  8
Layer_0
  10
124.80538
  20
456.22975
  0
VERTEX
  5
9e
  8
Layer_0
  10
125.20413
  20
457.07831
  0
VERTEX
  5
9f
  8
Layer_0
  10
125.62616
  20
457.89314
  0
VERTEX
  5
a0
  8
Layer_0
  10
126.07061
  20
458.67285
  0
VERTEX
  5
a1
  8
Layer_0
  10
126.53665
  20
459.41601
  0
VERTEX
  5
a2
  8
Layer_0
  10
127.02343
  20
460.12122
  0
VERTEX
  5
a3
  8
Layer_0
  10
127.53011
  20
460.78706
  0
VERTEX
  5
a4
  8
Layer_0
  10
128.05584
  20
461.41214
  0
VERTEX
  5
a5
  8
Layer_0
  10
128.59978
  20
461.99503
  0
VERTEX
  5
a6
  8
Layer_0
  10
129.1611
  20
462.53432
  0
VERTEX
  5
a7
  8
Layer_0
  10
129.73893
  20
463.02861
  0
VERTEX
  5
a8
  8
Layer_0
  10
130.33245
  20
463.47649
  0
VERTEX
  5
a9
  8
Layer_0
  10
130.9408
  20
463.87654
  0
VERTEX
  5
aa
  8
Layer_0
  10
131.56315
  20
464.22735
  0
VERTEX
  5
ab
  8
Layer_0
  10
132.19865
  20
464.52752
  0
VERTEX
  5
ac
  8
Layer_0
  10
132.84646
  20
464.77563
  0
VERTEX
  5
ad
  8
Layer_0
  10
133.50573
  20
464.97028
  0
VERTEX
  5
ae
  8
Layer_0
  10
134.17563
  20
465.11004
  0
VERTEX
  5
af
  8
Layer_0
  10
134.8553
  20
465.19352
  0
VERTEX
  5
b0
  8
Layer_0
  10
135.54391
  20
465.2193
  0
VERTEX
  5
b1
  8
Layer_0
  10
136.23241
  20
465.18649
  0
VERTEX
  5
b2
  8
Layer_0
  10
136.91177
  20
465.09607
  0
VERTEX
  5
b3
  8
Layer_0
  10
137.58115
  20
464.94946
  0
VERTEX
  5
b4
  8
Layer_0
  10
138.23971
  20
464.74809
  0
VERTEX
  5
b5
  8
Layer_0
  10
138.88661
  20
464.49336
  0
VERTEX
  5
b6
  8
Layer_0
  10
139.52102
  20
464.18671
  0
VERTEX
  5
b7
  8
Layer_0
  10
140.14209
  20
463.82954
  0
VERTEX
  5
b8
  8
Layer_0
  10
140.74899
  20
463.42328
  0
VERTEX
  5
b9
  8
Layer_0
  10
141.34088
  20
462.96935
  0
VERTEX
  5
ba
  8
Layer_0
  10
141.91692
  20
462.46917
  0
VERTEX
  5
bb
  8
Layer_0
  10
142.47627
  20
461.92415
  0
VERTEX
  5
bc
  8
Layer_0
  10
143.0181
  20
461.33572
  0
VERTEX
  5
bd
  8
Layer_0
  10
143.54157
  20
460.70528
  0
VERTEX
  5
be
  8
Layer_0
  10
144.04584
  20
460.03427
  0
VERTEX
  5
bf
  8
Layer_0
  10
144.53006
  20
459.32411
  0
VERTEX
  5
c0
  8
Layer_0
  10
144.99341
  20
458.5762
  0
VERTEX
  5
c1
  8
Layer_0
  10
145.43505
  20
457.79197
  0
VERTEX
  5
c2
  8
Layer_0
  10
145.85413
  20
456.97284
  0
VERTEX
  5
c3
  8
Layer_0
  10
146.24981
  20
456.12022
  0
VERTEX
  5
c4
  8
Layer_0
  10
146.62127
  20
455.23555
  0
VERTEX
  5
c5
  8
Layer_0
  10
146.96766
  20
454.32022
  0
VERTEX
  5
c6
  8
Layer_0
  10
147.28815
  20
453.37568
  0
VERTEX
  5
c7
  8
Layer_0
  10
147.58188
  20
452.40332
  0
VERTEX
  5
c8
  8
Layer_0
  10
147.84804
  20
451.40458
  0
VERTEX
  5
c9
  8
Layer_0
  10
148.08578
  20
450.38087
  0
VERTEX
  5
ca
  8
Layer_0
  10
148.29425
  20
449.33361
  0
VERTEX
  5
cb
  8
Layer_0
  10
148.47263
  20
448.26422
  0
VERTEX
  5
cc
  8
Layer_0
  10
148.62008
  20
447.17411
  0
VERTEX
  5
cd
  8
Layer_0
  10
148.73575
  20
446.06472
  0
VERTEX
  5
ce
  8
Layer_0
  10
148.8188
  20
444.93745
  0
VERTEX
  5
cf
  8
Layer_0
  10
148.86841
  20
443.79373
  0
VERTEX
  5
d0
  8
Layer_0
  10
148.88373
  20
442.63497
  0
VERTEX
  5
d1
  8
Layer_0
  10
148.86423
  20
441.47639
  0
VERTEX
  5
d2
  8
Layer_0
  10
148.8105
  20
440.33319
  0
VERTEX
  5
d3
  8
Layer_0
  10
148.72338
  20
439.20679
  0
VERTEX
  5
d4
  8
Layer_0
  10
148.60371
  20
438.0986
  0
VERTEX
  5
d5
  8
Layer_0
  10
148.45233
  20
437.01002
  0
VERTEX
  5
d6
  8
Layer_0
  10
148.2701
  20
435.94247
  0
VERTEX
  5
d7
  8
Layer_0
  10
148.05785
  20
434.89736
  0
VERTEX
  5
d8
  8
Layer_0
  10
147.81642
  20
433.8761
  0
VERTEX
  5
d9
  8
Layer_0
  10
147.54667
  20
432.88009
  0
VERTEX
  5
da
  8
Layer_0
  10
147.24943
  20
431.91076
  0
VERTEX
  5
db
  8
Layer_0
  10
146.92554
  20
430.9695
  0
VERTEX
  5
dc
  8
Layer_0
  10
146.57586
  20
430.05773
  0
VERTEX
  5
dd
  8
Layer_0
  10
146.20122
  20
429.17687
  0
VERTEX
  5
de
  8
Layer_0
  10
145.80246
  20
428.32831
  0
VERTEX
  5
df
  8
Layer_0
  10
145.38043
  20
427.51347
  0
VERTEX
  5
e0
  8
Layer_0
  10
144.93598
  20
426.73377
  0
VERTEX
  5
e1
  8
Layer_0
  10
144.46994
  20
425.99061
  0
VERTEX
  5
e2
  8
Layer_0
  10
143.98316
  20
425.2854
  0
VERTEX
  5
e3
  8
Layer_0
  10
143.47648
  20
424.61955
  0
VERTEX
  5
e4
  8
Layer_0
  10
142.95075
  20
423.99448
  0
VERTEX
  5
e5
  8
Layer_0
  10
142.40681
  20
423.41159
  0
VERTEX
  5
e6
  8
Layer_0
  10
141.8455
  20
422.8723
  0
VERTEX
  5
e7
  8
Layer_0
  10
141.26766
  20
422.378
  0
VERTEX
  5
e8
  8
Layer_0
  10
140.67415
  20
421.93013
  0
VERTEX
  5
e9
  8
Layer_0
  10
140.06579
  20
421.53008
  0
VERTEX
  5
ea
  8
Layer_0
  10
139.44344
  20
421.17926
  0
VERTEX
  5
eb
  8
Layer_0
  10
138.80794
  20
420.8791
  0
VERTEX
  5
ec
  8
Layer_0
  10
138.16013
  20
420.63098
  0
VERTEX
  5
ed
  8
Layer_0
  10
137.50086
  20
420.43634
  0
VERTEX
  5
ee
  8
Layer_0
  10
136.83097
  20
420.29657
  0
VERTEX
  5
ef
  8
Layer_0
  10
136.15129
  20
420.21309
  0
VERTEX
  5
f0
  8
Layer_0
  10
135.46268
  20
420.18731
  0
VERTEX
  5
f1
  8
Layer_0
  10
134.77418
  20
420.22013
  0
VERTEX
  5
f2
  8
Layer_0
  10
134.09482
  20
420.31055
  0
VERTEX
  5
f3
  8
Layer_0
  10
133.42544
  20
420.45715
  0
VERTEX
  5
f4
  8
Layer_0
  10
132.76688
  20
420.65853
  0
VERTEX
  5
f5
  8
Layer_0
  10
132.11998
  20
420.91325
  0
VERTEX
  5
f6
  8
Layer_0
  10
131.48558
  20
421.21991
  0
VERTEX
  5
f7
  8
Layer_0
  10
130.8645
  20
421.57707
  0
VERTEX
  5
f8
  8
Layer_0
  10
130.2576
  20
421.98333
  0
VERTEX
  5
f9
  8
Layer_0
  10
129.66572
  20
422.43726
  0
VERTEX
  5
fa
  8
Layer_0
  10
129.08967
  20
422.93745
  0
VERTEX
  5
fb
  8
Layer_0
  10
128.53032
  20
423.48247
  0
VERTEX
  5
fc
  8
Layer_0
  10
127.98849
  20
424.0709
  0
VERTEX
  5
fd
  8
Layer_0
  10
127.46502
  20
424.70133
  0
VERTEX
  5
fe
  8
Layer_0
  10
126.96076
  20
425.37234
  0
VERTEX
  5
ff
  8
Layer_0
  10
126.47653
  20
426.08251
  0
VERTEX
  5
100
  8
Layer_0
  10
126.01318
  20
426.83042
  0
VERTEX
  5
101
  8
Layer_0
  10
125.57155
  20
427.61465
  0
VERTEX
  5
102
  8
Layer_0
  10
125.15247
  20
428.43378
  0
VERTEX
  5
103
  8
Layer_0
  10
124.75678
  20
429.28639
  0
VERTEX
  5
104
  8
Layer_0
  10
124.38532
  20
430.17107
  0
VERTEX
  5
105
  8
Layer_0
  10
124.03893
  20
431.08639
  0
VERTEX
  5
106
  8
Layer_0
  10
123.71845
  20
432.03094
  0
VERTEX
  5
107
  8
Layer_0
  10
123.42471
  20
433.00329
  0
VERTEX
  5
108
  8
Layer_0
  10
123.15855
  20
434.00204
  0
VERTEX
  5
109
  8
Layer_0
  10
122.92082
  20
435.02575
  0
VERTEX
  5
10a
  8
Layer_0
  10
122.71234
  20
436.07301
  0
VERTEX
  5
10b
  8
Layer_0
  10
122.53396
  20
437.1424
  0
VERTEX
  5
10c
  8
Layer_0
  10
122.38652
  20
438.2325
  0
VERTEX
  5
10d
  8
Layer_0
  10
122.27085
  20
439.3419
  0
VERTEX
  5
10e
  8
Layer_0
  10
122.18779
  20
440.46917
  0
VERTEX
  5
10f
  8
Layer_0
  10
122.13818
  20
441.61289
  0
VERTEX
  5
110
  8
Layer_0
  10
122.12286
  20
442.77165
  0
SEQEND
  0
CIRCLE
  5
112
  8
Layer_0
  62
0
  10
252.49664
  20
440.34821
  30
0
  40
55
  0
POLYLINE
  5
112
  8
Layer_0
  62
0
  66
1
  10
0
  20
0
  30
0
  0
VERTEX
  5
112
  8
Layer_0
  10
239.11617
  20
440.41655
  0
VERTEX
  5
113
  8
Layer_0
  10
239.13149
  20
439.25779
  0
VERTEX
  5
114
  8
Layer_0
  10
239.1811
  20
438.11406
  0
VERTEX
  5
115
  8
Layer_0
  10
239.26415
  20
436.9868
  0
VERTEX
  5
116
  8
Layer_0
  10
239.37982
  20
435.8774
  0
VERTEX
  5
117
  8
Layer_0
  10
239.52727
  20
434.7873
  0
VERTEX
  5
118
  8
Layer_0
  10
239.70565
  20
433.71791
  0
VERTEX
  5
119
  8
Layer_0
  10
239.91413
  20
432.67065
  0
VERTEX
  5
11a
  8
Layer_0
  10
240.15186
  20
431.64694
  0
VERTEX
  5
11b
  8
Layer_0
  10
240.41802
  20
430.64819
  0
VERTEX
  5
11c
  8
Layer_0
  10
240.71176
  20
429.67584
  0
VERTEX
  5
11d
  8
Layer_0
  10
241.03224
  20
428.73129
  0
VERTEX
  5
11e
  8
Layer_0
  10
241.37863
  20
427.81597
  0
VERTEX
  5
11f
  8
Layer_0
  10
241.75009
  20
426.93129
  0
VERTEX
  5
120
  8
Layer_0
  10
242.14578
  20
426.07868
  0
VERTEX
  5
121
  8
Layer_0
  10
242.56486
  20
425.25955
  0
VERTEX
  5
122
  8
Layer_0
  10
243.0065
  20
424.47532
  0
VERTEX
  5
123
  8
Layer_0
  10
243.46985
  20
423.72741
  0
VERTEX
  5
124
  8
Layer_0
  10
243.95408
  20
423.01724
  0
VERTEX
  5
125
  8
Layer_0
  10
244.45835
  20
422.34623
  0
VERTEX
  5
126
  8
Layer_0
  10
244.98181
  20
421.7158
  0
VERTEX
  5
127
  8
Layer_0
  10
245.52365
  20
421.12737
  0
VERTEX
  5
128
  8
Layer_0
  10
246.083
  20
420.58235
  0
VERTEX
  5
129
  8
Layer_0
  10
246.65905
  20
420.08216
  0
VERTEX
  5
12a
  8
Layer_0
  10
247.25094
  20
419.62823
  0
VERTEX
  5
12b
  8
Layer_0
  10
247.85784
  20
419.22198
  0
VERTEX
  5
12c
  8
Layer_0
  10
248.47891
  20
418.86481
  0
VERTEX
  5
12d
  8
Layer_0
  10
249.11332
  20
418.55816
  0
VERTEX
  5
12e
  8
Layer_0
  10
249.76022
  20
418.30343
  0
VERTEX
  5
12f
  8
Layer_0
  10
250.41878
  20
418.10206
  0
VERTEX
  5
130
  8
Layer_0
  10
251.08816
  20
417.95545
  0
VERTEX
  5
131
  8
Layer_0
  10
251.76753
  20
417.86503
  0
VERTEX
  5
132
  8
Layer_0
  10
252.45603
  20
417.83221
  0
VERTEX
  5
133
  8
Layer_0
  10
253.14464
  20
417.858
  0
VERTEX
  5
134
  8
Layer_0
  10
253.82432
  20
417.94147
  0
VERTEX
  5
135
  8
Layer_0
  10
254.49421
  20
418.08124
  0
VERTEX
  5
136
  8
Layer_0
  10
255.15349
  20
418.27589
  0
VERTEX
  5
137
  8
Layer_0
  10
255.8013
  20
418.524
  0
VERTEX
  5
138
  8
Layer_0
  10
256.4368
  20
418.82417
  0
VERTEX
  5
139
  8
Layer_0
  10
257.05915
  20
419.17498
  0
VERTEX
  5
13a
  8
Layer_0
  10
257.66751
  20
419.57503
  0
VERTEX
  5
13b
  8
Layer_0
  10
258.26103
  20
420.02291
  0
VERTEX
  5
13c
  8
Layer_0
  10
258.83886
  20
420.5172
  0
VERTEX
  5
13d
  8
Layer_0
  10
259.40017
  20
421.05649
  0
VERTEX
  5
13e
  8
Layer_0
  10
259.94412
  20
421.63938
  0
VERTEX
  5
13f
  8
Layer_0
  10
260.46985
  20
422.26446
  0
VERTEX
  5
140
  8
Layer_0
  10
260.97653
  20
422.9303
  0
VERTEX
  5
141
  8
Layer_0
  10
261.46331
  20
423.63551
  0
VERTEX
  5
142
  8
Layer_0
  10
261.92935
  20
424.37867
  0
VERTEX
  5
143
  8
Layer_0
  10
262.37381
  20
425.15838
  0
VERTEX
  5
144
  8
Layer_0
  10
262.79584
  20
425.97321
  0
VERTEX
  5
145
  8
Layer_0
  10
263.19459
  20
426.82177
  0
VERTEX
  5
146
  8
Layer_0
  10
263.56924
  20
427.70263
  0
VERTEX
  5
147
  8
Layer_0
  10
263.91892
  20
428.6144
  0
VERTEX
  5
148
  8
Layer_0
  10
264.24281
  20
429.55566
  0
VERTEX
  5
149
  8
Layer_0
  10
264.54005
  20
430.52499
  0
VERTEX
  5
14a
  8
Layer_0
  10
264.80981
  20
431.521
  0
VERTEX
  5
14b
  8
Layer_0
  10
265.05123
  20
432.54226
  0
VERTEX
  5
14c
  8
Layer_0
  10
265.26348
  20
433.58737
  0
VERTEX
  5
14d
  8
Layer_0
  10
265.44572
  20
434.65492
  0
VERTEX
  5
14e
  8
Layer_0
  10
265.59709
  20
435.7435
  0
VERTEX
  5
14f
  8
Layer_0
  10
265.71676
  20
436.85169
  0
VERTEX
  5
150
  8
Layer_0
  10
265.80389
  20
437.97809
  0
VERTEX
  5
151
  8
Layer_0
  10
265.85762
  20
439.12128
  0
VERTEX
  5
152
  8
Layer_0
  10
265.87712
  20
440.27987
  0
VERTEX
  5
153
  8
Layer_0
  10
265.8618
  20
441.43862
  0
VERTEX
  5
154
  8
Layer_0
  10
265.81219
  20
442.58235
  0
VERTEX
  5
155
  8
Layer_0
  10
265.72913
  20
443.70962
  0
VERTEX
  5
156
  8
Layer_0
  10
265.61346
  20
444.81901
  0
VERTEX
  5
157
  8
Layer_0
  10
265.46602
  20
445.90911
  0
VERTEX
  5
158
  8
Layer_0
  10
265.28764
  20
446.9785
  0
VERTEX
  5
159
  8
Layer_0
  10
265.07916
  20
448.02576
  0
VERTEX
  5
15a
  8
Layer_0
  10
264.84142
  20
449.04947
  0
VERTEX
  5
15b
  8
Layer_0
  10
264.57527
  20
450.04822
  0
VERTEX
  5
15c
  8
Layer_0
  10
264.28153
  20
451.02057
  0
VERTEX
  5
15d
  8
Layer_0
  10
263.96104
  20
451.96512
  0
VERTEX
  5
15e
  8
Layer_0
  10
263.61465
  20
452.88044
  0
VERTEX
  5
15f
  8
Layer_0
  10
263.24319
  20
453.76512
  0
VERTEX
  5
160
  8
Layer_0
  10
262.8475
  20
454.61773
  0
VERTEX
  5
161
  8
Layer_0
  10
262.42842
  20
455.43686
  0
VERTEX
  5
162
  8
Layer_0
  10
261.98679
  20
456.22109
  0
VERTEX
  5
163
  8
Layer_0
  10
261.52344
  20
456.969
  0
VERTEX
  5
164
  8
Layer_0
  10
261.03921
  20
457.67917
  0
VERTEX
  5
165
  8
Layer_0
  10
260.53494
  20
458.35018
  0
VERTEX
  5
166
  8
Layer_0
  10
260.01147
  20
458.98061
  0
VERTEX
  5
167
  8
Layer_0
  10
259.46964
  20
459.56904
  0
VERTEX
  5
168
  8
Layer_0
  10
258.91028
  20
460.11406
  0
VERTEX
  5
169
  8
Layer_0
  10
258.33424
  20
460.61425
  0
VERTEX
  5
16a
  8
Layer_0
  10
257.74235
  20
461.06818
  0
VERTEX
  5
16b
  8
Layer_0
  10
257.13545
  20
461.47443
  0
VERTEX
  5
16c
  8
Layer_0
  10
256.51437
  20
461.8316
  0
VERTEX
  5
16d
  8
Layer_0
  10
255.87997
  20
462.13825
  0
VERTEX
  5
16e
  8
Layer_0
  10
255.23306
  20
462.39298
  0
VERTEX
  5
16f
  8
Layer_0
  10
254.5745
  20
462.59435
  0
VERTEX
  5
170
  8
Layer_0
  10
253.90512
  20
462.74096
  0
VERTEX
  5
171
  8
Layer_0
  10
253.22576
  20
462.83138
  0
VERTEX
  5
172
  8
Layer_0
  10
252.53726
  20
462.8642
  0
VERTEX
  5
173
  8
Layer_0
  10
251.84865
  20
462.83842
  0
VERTEX
  5
174
  8
Layer_0
  10
251.16897
  20
462.75494
  0
VERTEX
  5
175
  8
Layer_0
  10
250.49907
  20
462.61517
  0
VERTEX
  5
176
  8
Layer_0
  10
249.8398
  20
462.42052
  0
VERTEX
  5
177
  8
Layer_0
  10
249.19199
  20
462.17241
  0
VERTEX
  5
178
  8
Layer_0
  10
248.55649
  20
461.87224
  0
VERTEX
  5
179
  8
Layer_0
  10
247.93413
  20
461.52143
  0
VERTEX
  5
17a
  8
Layer_0
  10
247.32578
  20
461.12138
  0
VERTEX
  5
17b
  8
Layer_0
  10
246.73226
  20
460.6735
  0
VERTEX
  5
17c
  8
Layer_0
  10
246.15442
  20
460.17921
  0
VERTEX
  5
17d
  8
Layer_0
  10
245.59311
  20
459.63992
  0
VERTEX
  5
17e
  8
Layer_0
  10
245.04917
  20
459.05703
  0
VERTEX
  5
17f
  8
Layer_0
  10
244.52343
  20
458.43196
  0
VERTEX
  5
180
  8
Layer_0
  10
244.01676
  20
457.76611
  0
VERTEX
  5
181
  8
Layer_0
  10
243.52997
  20
457.0609
  0
VERTEX
  5
182
  8
Layer_0
  10
243.06393
  20
456.31774
  0
VERTEX
  5
183
  8
Layer_0
  10
242.61948
  20
455.53804
  0
VERTEX
  5
184
  8
Layer_0
  10
242.19745
  20
454.7232
  0
VERTEX
  5
185
  8
Layer_0
  10
241.79869
  20
453.87465
  0
VERTEX
  5
186
  8
Layer_0
  10
241.42405
  20
452.99378
  0
VERTEX
  5
187
  8
Layer_0
  10
241.07436
  20
452.08201
  0
VERTEX
  5
188
  8
Layer_0
  10
240.75048
  20
451.14076
  0
VERTEX
  5
189
  8
Layer_0
  10
240.45323
  20
450.17142
  0
VERTEX
  5
18a
  8
Layer_0
  10
240.18348
  20
449.17541
  0
VERTEX
  5
18b
  8
Layer_0
  10
239.94205
  20
448.15415
  0
VERTEX
  5
18c
  8
Layer_0
  10
239.7298
  20
447.10904
  0
VERTEX
  5
18d
  8
Layer_0
  10
239.54757
  20
446.04149
  0
VERTEX
  5
18e
  8
Layer_0
  10
239.39619
  20
444.95291
  0
VERTEX
  5
18f
  8
Layer_0
  10
239.27652
  20
443.84472
  0
VERTEX
  5
190
  8
Layer_0
  10
239.1894
  20
442.71832
  0
VERTEX
  5
191
  8
Layer_0
  10
239.13567
  20
441.57513
  0
VERTEX
  5
192
  8
Layer_0
  10
239.11617
  20
440.41655
  0
SEQEND
  0
POLYLINE
  5
194
  8
Layer_1
  62
31
  66
1
  10
0
  20
0
  30
0
  0
VERTEX
  5
194
  8
Layer_1
  10
287.08816
  20
461.49992
  0
VERTEX
  5
195
  8
Layer_1
  10
287.04249
  20
459.72246
  0
VERTEX
  5
196
  8
Layer_1
  10
286.99801
  20
457.99104
  0
VERTEX
  5
197
  8
Layer_1
  10
286.95469
  20
456.3051
  0
VERTEX
  5
198
  8
Layer_1
  10
286.91253
  20
454.66404
  0
VERTEX
  5
199
  8
Layer_1
  10
286.87151
  20
453.0673
  0
VERTEX
  5
19a
  8
Layer_1
  10
286.83161
  20
451.5143
  0
VERTEX
  5
19b
  8
Layer_1
  10
286.79282
  20
450.00445
  0
VERTEX
  5
19c
  8
Layer_1
  10
286.75512
  20
448.53718
  0
VERTEX
  5
19d
  8
Layer_1
  10
286.7185
  20
447.11192
  0
VERTEX
  5
19e
  8
Layer_1
  10
286.68295
  20
445.72808
  0
VERTEX
  5
19f
  8
Layer_1
  10
286.64844
  20
444.38508
  0
VERTEX
  5
1a0
  8
Layer_1
  10
286.61497
  20
443.08236
  0
VERTEX
  5
1a1
  8
Layer_1
  10
286.58252
  20
441.81933
  0
VERTEX
  5
1a2
  8
Layer_1
  10
286.55108
  20
440.59541
  0
VERTEX
  5
1a3
  8
Layer_1
  10
286.52062
  20
439.41003
  0
VERTEX
  5
1a4
  8
Layer_1
  10
286.49114
  20
438.2626
  0
VERTEX
  5
1a5
  8
Layer_1
  10
286.46262
  20
437.15255
  0
VERTEX
  5
1a6
  8
Layer_1
  10
286.43505
  20
436.07931
  0
VERTEX
  5
1a7
  8
Layer_1
  10
286.40841
  20
435.04229
  0
VERTEX
  5
1a8
  8
Layer_1
  10
286.38268
  20
434.04092
  0
VERTEX
  5
1a9
  8
Layer_1
  10
286.35785
  20
433.07462
  0
VERTEX
  5
1aa
  8
Layer_1
  10
286.33391
  20
432.14281
  0
VERTEX
  5
1ab
  8
Layer_1
  10
286.31085
  20
431.24491
  0
VERTEX
  5
1ac
  8
Layer_1
  10
286.28863
  20
430.38035
  0
VERTEX
  5
1ad
  8
Layer_1
  10
286.26726
  20
429.54854
  0
VERTEX
  5
1ae
  8
Layer_1
  10
286.24672
  20
428.74892
  0
VERTEX
  5
1af
  8
Layer_1
  10
286.22699
  20
427.9809
  0
VERTEX
  5
1b0
  8
Layer_1
  10
286.20805
  20
427.2439
  0
VERTEX
  5
1b1
  8
Layer_1
  10
286.1899
  20
426.53735
  0
VERTEX
  5
1b2
  8
Layer_1
  10
286.17251
  20
425.86067
  0
VERTEX
  5
1b3
  8
Layer_1
  10
286.15588
  20
425.21327
  0
VERTEX
  5
1b4
  8
Layer_1
  10
286.13999
  20
424.5946
  0
VERTEX
  5
1b5
  8
Layer_1
  10
286.12481
  20
424.00406
  0
VERTEX
  5
1b6
  8
Layer_1
  10
286.11035
  20
423.44107
  0
VERTEX
  5
1b7
  8
Layer_1
  10
286.09658
  20
422.90507
  0
VERTEX
  5
1b8
  8
Layer_1
  10
286.08349
  20
422.39547
  0
VERTEX
  5
1b9
  8
Layer_1
  10
286.05928
  20
421.45316
  0
VERTEX
  5
1ba
  8
Layer_1
  10
286.0376
  20
420.60953
  0
VERTEX
  5
1bb
  8
Layer_1
  10
286.01834
  20
419.85995
  0
VERTEX
  5
1bc
  8
Layer_1
  10
286.00138
  20
419.1998
  0
VERTEX
  5
1bd
  8
Layer_1
  10
285.9866
  20
418.62446
  0
VERTEX
  5
1be
  8
Layer_1
  10
285.97388
  20
418.12931
  0
VERTEX
  5
1bf
  8
Layer_1
  10
285.9631
  20
417.70972
  0
VERTEX
  5
1c0
  8
Layer_1
  10
285.95414
  20
417.36107
  0
VERTEX
  5
1c1
  8
Layer_1
  10
285.94689
  20
417.07874
  0
VERTEX
  5
1c2
  8
Layer_1
  10
285.94122
  20
416.85811
  0
VERTEX
  5
1c3
  8
Layer_1
  10
285.93702
  20
416.69456
  0
VERTEX
  5
1c4
  8
Layer_1
  10
285.93416
  20
416.58346
  0
VERTEX
  5
1c5
  8
Layer_1
  10
285.93254
  20
416.52019
  0
VERTEX
  5
1c6
  8
Layer_1
  10
285.93202
  20
416.50012
  0
SEQEND
  0
ENDSEC
  0
EOF
